20并发

******************************** chaos PSO ********************************
time consume: 369
[0.29375020593886725, -0.8760242065661502, 1.2240927011220732, -3.1305973626854406, 0.6871421479770666, 1.3443512446820747, 2.529805723047697, 3.2477681710210313, -0.12060933135668567, -2.154939204643022, -1.8571049146165042, 3.383353965680077, -0.3844197602549948, 1.4091901592612106, 0.7145731937422464, 4.0, 2.0781987822406394, -0.7391485974556707, 1.5589694778076562, -2.225586641151894, 3.154759462967787]
总调度代价：839.866788851572
exec cost: 1911.7656592829733
balance: 563.7917685554507
maxBalance: 579.9923739319923
******************************** END ********************************
******************************** ChPSO ********************************
time consume: 1486
[2.300796413127416, -2.0596498872154427, 0.3640838700539108, -0.17416712411819088, -3.646272196705288, 2.0754220892213753, -1.5399429242026146, 1.6744951819166256, -0.06163235779112006, 2.525721152632925, 4.0, 0.4153930250459748, -3.358598379969369, 2.4258960671351484, -1.7476798537114315, 0.5185442204159431, -1.79013559223572, -1.5546805166969935, 2.826232877046785, 3.4897766602779274, -3.1027182427757984]
总调度代价：835.5656040344433
exec cost: 1915.6002123840249
balance: 563.6505483886684
maxBalance: 567.463355505427
******************************** END ********************************
******************************** Optimized PSO ********************************
time consume: 157
[-2.7825496909481187, -1.4585635239690569, 0.16927912493847663, -0.9536631754336633, -2.4848324499584518, -3.662517779987785, -2.5946806161919835, -1.8615432160293401, -3.0978676562596776, -0.36345649828380333, -1.212146204378509, -1.1525859111693437, -0.8304960085291284, -1.2266274995107969, -2.887387700144436, -1.7966792859041112, -4.0, -4.0, -2.8825224326768737, -2.8831302950314974, -4.0]
总调度代价：836.2750039449663
exec cost: 1919.49601135486
balance: 563.5516474811958
maxBalance: 567.3878567037899
******************************** END ********************************
******************************** NSGA-III ********************************
time consume: 2018
[-3.905213, -1.501931, -4.000000, 3.107428, 2.260607, -1.802256, -2.966955, -0.881710, -1.457260, -3.199526, 3.722366, 2.571351, 2.954079, 0.694920, 2.581197, -4.000000, -0.305693, 0.774717, 1.614372, -1.576096, -0.686314]
总调度代价：859.295943
exec cost: 2044.5352321630325
balance: 564.0014595305013
maxBalance: 575.6807750792051
******************************** END ********************************

40并发

******************************** chaos PSO ********************************
time consume: 593
[4.0, 1.5614332765172032, 0.17250320854016019, 0.19104202287194674, 2.545154293036473, 1.4326115329940274, 0.5581881967727085, -0.5269697831439489, 1.3167547187453763, -2.6273220620720488, -0.33869953245789275, -1.3822054911363408, 4.0, -0.2506189259085768, -0.6618237567796325, 3.4867997409961733, 4.0, -3.9, -1.5358798507324756, 4.0, -1.5409908691746605, 2.077922963591699, 1.7498999108466553, 1.5776401938053561, -0.21821991953629172, 2.6314729702142428, 2.700491872858979, -1.3537502235221301, -1.5146891124296817, -2.225256178591276, 4.0, 3.442259796118869, 2.399265205624465, -3.1097623729138175, -3.8393479658294205, -0.0936652560354708, 1.440450229618517, 3.369619782389121, 2.9276688244133147, 2.3024822116864163, 2.0942669577621515]
总调度代价：2482.4750901154353
exec cost: 8237.872038274847
balance: 1038.7452586753648
maxBalance: 1048.5064474757996
******************************** END ********************************
******************************** ChPSO ********************************
time consume: 2750
[-2.580782085416999, 1.7410045853417226, -2.8837017189344305, -1.098011471953726, 2.9032481558640546, 1.2762724420102742, 3.2553174290459648, -3.500298765399659, -4.0, 3.3385243321792517, 1.19077422500056, 1.8000613040144742, -2.705419958872903, 1.0036866325792766, 3.9355027815714, -1.2165336832936255, 0.30446109108361963, 2.1904248319918462, 3.064451645772775, -2.246480352571898, -2.4937702566866036, -3.3119496348407935, -3.62000914720617, -2.826690859247145, 0.24196388692238585, 0.5355211420191168, 1.1294703566924151, 0.7917372264869256, -1.5296962121728235, 0.6982956027625647, 1.7131329441610468, -0.5405479263992068, 1.2383858611108531, 0.7969705440118863, -0.8757704597539674, 1.5676647849895875, 0.9837898347609794, 3.384484041467826, 0.9902880943872969, -2.24570384523, 2.737085599714889]
总调度代价：2471.5713230048036
exec cost: 8191.37097889002
balance: 1039.0038209126185
maxBalance: 1044.2389971543803
******************************** END ********************************
******************************** Optimized PSO ********************************
time consume: 260
[-2.0539040169122726, -0.2765438548356475, 0.26888137894754893, 4.0, -1.583695261817374, -0.6353464324531938, 4.0, -1.9249395027768803, -0.48962607598069885, -0.6218719439745871, -4.0, -0.6383813898062137, 0.9772383847554968, -3.2837174773271918, 2.559731684060039, -1.5489129735228824, -2.101331041833668, 2.786593590889518, 3.5235645421280464, -2.4663009054445104, 1.293440894407283, 2.0251480826054666, -4.0, 1.05165372497289, -2.396185322060388, 1.4613762129538241, 4.0, 0.435910431016876, 2.866081021113052, 0.5885913208852365, -1.1518561117969377, -3.800252943957975, 1.027194946537608, 2.1305508340229458, 0.8538592569999041, -4.0, -1.7629745001347379, -0.9322470336675376, 0.5996016485027691, -2.3832875656738333, -1.1217349056322283]
总调度代价：2472.4709498826082
exec cost: 8187.502226823237
balance: 1041.045778412511
maxBalance: 1046.3804828823907
******************************** END ********************************
******************************** NSGA-III ********************************
time consume: 2549
[-4.000000, 0.669261, -0.106049, -0.113328, -4.000000, 3.522610, -3.287436, -0.035751, -0.043345, 1.853403, -3.263588, -2.522279, 0.485664, -1.436391, -4.000000, -3.687769, 2.639552, 0.163420, 1.872240, -1.747877, -1.135217, 0.881443, 3.148796, 1.791235, -2.784220, 3.728045, 1.986203, 0.358509, 2.534966, 2.535130, 4.000000, 2.124521, -3.679881, -1.161144, -1.389866, -2.179702, 1.318519, 2.734694, 3.981532, 2.880149, -0.840662]
总调度代价：2577.68832513850
exec cost: 8663.925689
balance: 1055.460146333437
maxBalance: 1166.437440099788
******************************** END ********************************

60并发

******************************** chaos PSO ********************************
time consume: 900
[0.5720034965929742, 1.3183109839287104, 3.193632658860507, 2.9425899666204587, -1.1360911860856509, 3.0453559872454803, -3.186081480328732, 0.3293358690544895, 3.1415496155394727, -1.1277241143625893, -0.9128006787710333, 1.9825167608932812, 0.2110569993291704, -0.2906232984179431, 0.59252719384312, 2.425585572571783, 0.41962820556823066, 2.994731290803699, 1.1324149392799594, 2.797348853004452, -1.82487415037518, -0.5927854735178865, -1.2119119461677466, -2.5027441559215946, -1.6341930757603589, -4.0, -0.6464341490752985, 0.885582566958307, -3.3166087787811307, 1.6624326895946822, 0.11660087902619354, -0.5605369577903829, -3.9332716766669886, -1.6301689735767213, -0.4531192476477327, -4.0, -3.0779862375359666, 4.0, 2.421032531806459, -0.28668249757948494, -4.0, -4.0, -1.3462671767300318, 2.2129570927175424, 2.4347188332273153, -1.3985125139612054, 0.9960563237274848, 2.2184488182652196, -4.0, -2.6780664139228034, 2.846071401861817, -1.6260981317917866, 0.27433201169445964, -2.360153827518069, -4.0, -0.9748380479552685, 1.829175459069706, -2.808631608955824, -1.8379968065041816, -2.3304066587836645, 1.7106377447227543]
总调度代价：5449.740182235318
exec cost: 20973.225154218588
balance: 1563.4840498499548
maxBalance: 1574.253828629045
******************************** END ********************************
******************************** ChPSO ********************************
time consume: 4269
[-0.860138657431563, -1.2994025483502105, -0.4884260513993214, -0.717619640608222, -2.37380142196847, -2.8201325226866034, -0.34612299682496184, -0.4263056546038234, -2.484073394715223, 1.2520840233892028, 0.15322633335291314, -2.0521887790076505, 0.04667429327389383, -2.1159599419496633, -1.261215399271847, -3.529704368140667, -2.267130705716528, -3.357178252423647, 0.044656470015847854, -1.4111307642206183, -2.0127791140014026, -1.5190031918037021, -1.0338651634916725, -0.9097925660728317, -2.989996695151778, -1.754727419562025, -1.5675877730618684, -4.0, -2.397350275422904, -0.5517017722082875, -2.5863796692013987, -4.0, 0.3944502935786188, -0.11657943063566549, -2.25766939466589, -4.0, -0.4255915471556343, -0.3261976262981965, -1.4618414473275378, -4.0, -2.0871070063069417, -1.6030343574294574, -2.4197534372728082, -3.0918187025955155, -1.9162189466164004, 0.47581814022589686, -1.967196584903669, -1.0509670172775276, -0.811079168372473, 0.4050888503158807, -3.477002887028491, -2.5573528533809617, -3.22070419704031, -4.0, 0.3902678286372796, -4.0, -4.0, -3.37660693490286, -2.7141871175448844, -0.5607600642060935, -4.0]
总调度代价：5451.847612230378
exec cost: 20992.348080578882
balance: 1562.4118990642487
maxBalance: 1571.033091222256
******************************** END ********************************
******************************** Optimized PSO ********************************
time consume: 371
[-1.8712077852495512, -2.2229715599274074, -2.4938542455783343, -2.466841493860195, -2.7238605583949522, -1.2019189761112044, -0.0967423571308205, -2.2783589504608335, -2.1196736881639695, -1.6532449934696312, -4.0, -2.0853836503882763, -0.5977499498732649, -1.8348076097445374, -0.3240657579504535, -1.3601641292626483, -0.9394975345297166, 3.5431703473970866, -1.6360023946706042, -0.3648673329164115, -3.4071029039393808, 0.02177538804728968, -0.7001094109695964, -0.9077890130874308, -3.542515854688554, -2.705332287112832, -0.6479632141645244, -2.380878824754114, -1.2251689436162134, -1.222392309952903, -0.9542203760025895, -3.1247131646656117, 4.0, 3.494875550195321, -1.7715797168766196, -2.387540687286529, -1.730426805887846, -3.3929500969301727, 2.3801109132802, -2.120793792887655, -0.07176953692816584, -4.0, -0.9268676635627163, -1.7234616206761129, -0.7131837626063043, -0.3834527170303758, -2.6042052550774244, -2.4235930551784297, -0.010136137181343735, -4.0, -3.4308650091402417, -1.3082714070870942, -2.28923064648383, 0.8439034773218824, -3.8299099356676063, -2.9317318780583363, -1.5256354196575888, -4.0, 1.949324980321025, -1.2572943916238213, -3.094547575094597]
总调度代价：5448.607312858866
exec cost: 20977.16409935877
balance: 1562.983495839017
maxBalance: 1569.9527366287605
******************************** END ********************************
******************************** NSGA-III ********************************
time consume: 4581
[-2.191305, 3.198307, -1.264061, 1.625365, 1.384730, 0.794965, -2.695555, -0.767305, -2.130835, -1.614057, 2.227261, 0.135523, 0.963264, -0.256886, 0.755271, -3.497317, -2.307923, 1.343234, -0.340061, -2.875732, 3.932424, 3.994718, -1.197285, -2.758588, 2.526515, -0.674624, -1.085185, -3.484742, 0.165320, 1.689015, -2.708502, -3.034946, 1.473384, -0.356019, -3.416304, 3.227117, 2.874861, 0.707091, -4.000000, 3.247759, -2.600228, -1.201546, 1.630409, -0.203922, -1.944248, -2.154136, -3.007458, 0.479081, -1.394829, 3.233402, 1.475989, -1.518146, -2.352242, 1.466097, -0.381131, -1.999542, 2.122286, -2.693291, -4.000000, -2.659832, -0.962224]
总调度代价：5559.949330
exec cost: 21578.80937264323
balance: 1593.2550707517314
maxBalance: 1689.0799169571364
******************************** END ********************************

80并发

******************************** chaos PSO ********************************
time consume: 1149
[1.1100675748714945, 1.4320042733524576, 2.1304471128634193, -0.6401011912487337, 1.000755942711031, 1.1312353826891601, -1.5415635012948277, -4.0, -0.20621092563683652, 1.9171882253535908, 1.9649452998351284, 0.3764890340157008, 1.8376907095474941, -2.878171853936418, -0.14392917396066807, 0.8000018716160486, -0.24965788890868898, 1.6007336026928058, -2.6493305405377923, 2.4567014676177235, -0.8780729299875711, 0.04289162898788257, 2.7582007283646988, -4.0, -3.924484970366146, -2.6685381522419007, 3.9, 1.6856689477851328, 0.7564447125230539, 0.54873033073447, 3.3969899685628255, -1.441912306894441, -2.3176685226403513, -0.3606168253217914, 0.9709214963272417, -0.32542641405770356, 2.8926871263990126, 3.938542417895426, -2.560578294223007, -1.3842401335415626, -1.5196010581922816, 4.0, -3.6152372247137796, 0.8681298015667714, -0.9653056455817421, 2.4721131737439617, -0.7655313004242272, -4.0, 0.3020815281007446, -0.3672543698369848, 3.0399428000093796, 3.9, 0.8858343565487059, 4.0, 2.414412075872679, 3.735141917679906, 1.4745964592501826, 4.0, 2.0144516580938467, 2.6387235820324944, -1.3064372012979821, 2.537613761863132, -1.820602429865394, 0.552224635572439, 1.7051529169522082, 3.4305861788477054, 2.5280101242660167, -1.8134624824069223, 1.6225420516827493, 2.2195242169611955, 2.0402487682229427, -1.3099182493338861, -1.1183141803156609, -3.0609863173827896, 2.9278589031111584, 2.241974195815501, 0.4210394775350258, -2.5277748092247454, 4.0, 2.362144777015749, 4.0]
总调度代价：9149.241667565215
exec cost: 37428.32840998127
balance: 2068.6889344174797
maxBalance: 2090.2510295049183
******************************** END ********************************
******************************** ChPSO ********************************
time consume: 5668
[-3.1842818863838107, -3.0932152723513537, 1.7513245622495963, -2.712562905968657, -2.5861988245363596, -0.3011650056004975, -1.7333868510227075, -3.0671409400177216, -3.412578719375821, -3.5511317772694917, -0.24830799909916057, -4.0, -0.3878117711362923, -4.0, -0.33589857024585357, -2.737991973606389, -2.6971827234759673, 0.8207082780952785, -2.144100697792139, -1.149381692266548, -3.7054116216857196, -3.3668960065506766, -4.0, -2.1328504634488064, -3.200111946525345, -3.379033597762172, -0.006307968822341109, -2.1180090812758237, 0.8718915869973812, -4.0, -1.116825468032561, -4.0, -1.3988595322934512, -2.9736082026776405, -2.4072249803927543, 0.8994705263763539, -2.3344328285913942, 0.07990952464350765, -1.9990736292454514, -4.0, -1.4906010511616812, -4.0, -1.2168135094595078, -0.4927822123721496, -0.7467602748132547, -0.7633527696719313, -1.9288622444651167, -3.0485091775414057, -2.1184441652936488, -2.596010303584866, 0.03892444132471182, -2.0435082461752074, -1.0695789785769523, -1.8752414178638486, -1.5198341440832226, -1.1118378489520626, -2.6884452945574826, -1.5387784125203334, -2.811107054683677, -0.9964253452477124, -0.501323379664798, -4.0, -3.7199178613794155, -0.7160806225026728, -2.610056993808352, -2.827685305819609, -2.748773727739545, -1.5057882833364609, -0.07493425782230731, -0.5319886638836708, -1.4012001646168057, 1.425846730777924, -3.5829331073217605, -4.0, -2.6869937909820676, -1.5861492385781517, 0.4615957712042734, -2.9443963657377625, -1.6913342622016339, -2.514046481750027, -0.9743822390765696]
总调度代价：9160.786268797703
exec cost: 37418.498715892645
balance: 2067.7136386423467
maxBalance: 2125.0026754055866
******************************** END ********************************
******************************** Optimized PSO ********************************
time consume: 483
[-1.0060474172165312, -1.393972344646206, 2.971130791733323, -2.574296108340087, -2.2035678873057103, -3.0138203541014734, 0.19439401133231093, -0.9598853666605602, -2.326138139471454, -2.1215232954899386, -4.0, 1.565580366151389, -4.0, 1.4081158788205572, -3.811946490639611, 2.857712667057373, 2.541563048203452, -2.158022389252967, -2.861969012114757, -0.3391944058209604, 2.2426051053016685, 1.9311435335740392, -0.8494789274528742, -0.25251666822320396, -2.305627596259658, 0.45653862293422354, -1.7490398760667094, -2.8427862647271667, 0.7247909401140994, -0.23877456131404295, 3.4966294108002143, -1.6774392904302065, -4.0, -0.3766297846039608, -2.4221699385117716, 3.0975021866360266, 0.8977235442541465, 0.8333830715652469, -0.9569750473138047, -1.3021043748404126, -1.8536375467003312, -2.802979667698522, -4.0, 2.6483225321861923, 0.06670363120801981, 0.7129564066214167, 0.3079746722780855, 2.0170020602463046, 2.2936735782430047, -1.7391440849722795, -0.3381140544167053, 3.4557313585209473, 4.0, -1.554944780650336, 3.271389956122228, 2.0799933721809616, 3.164929115143791, -3.7060661657778144, 1.1922972451533511, -0.4354037233051288, -4.0, -4.0, 1.3267916966662672, 0.6302064734294032, -2.749153587703833, 2.3537009826553095, -4.0, 1.904713725272078, -0.9521383170036861, 1.450414349393149, -1.9089393258502954, 2.4865330896129425, 0.4329771221297539, -0.6175180235781653, 0.13870285609575433, -1.150865605349236, 2.4464209340734504, 2.1856376597903426, -3.171101200912448, -1.1587219311220995, -4.0]
总调度代价：9131.64542130601
exec cost: 37382.1000070668
balance: 2068.3534315089923
maxBalance: 2069.710118222629
******************************** END ********************************
******************************** NSGA-III ********************************
time consume: 5312
[-1.281991, -3.554485, -1.719033, -1.511451, -2.077188, -3.577609, 1.897566, -2.655452, -0.070615, 2.926920, 0.665065, -1.564549, -1.357601, 0.933749, 3.771917, -0.474603, -1.091683, -0.272158, 0.598828, -2.117596, 1.732235, 3.320512, 4.000000, -1.930810, -3.076655, 2.104650, -4.000000, -2.455192, -1.410900, -2.445210, -2.065539, 2.101508, 2.053955, -4.000000, 1.998021, 3.594483, -0.026391, 2.355591, 0.392861, -3.155881, -3.670089, 0.407887, 2.373346, -0.748699, 1.864913, 4.000000, -3.340391, 3.705233, -0.226009, 3.704160, 1.643191, -1.983961, 0.607918, 1.461513, 3.460225, -0.997676, -3.022774, -2.322327, -1.823226, 0.497144, -3.516727, -1.151656, -3.270729, -2.925305, -3.933447, 0.928048, 4.000000, 2.957814, -2.889856, -0.924412, 0.907218, 2.122321, -0.003514, -1.158677, 1.121194, -2.206574, 2.415594, 1.126716, 1.239770, 1.040390, 0.394761]
总调度代价：9310.409753
exec cost: 38222.821268307908
balance: 2143.8549444248802
maxBalance: 2193.5881222581727
******************************** END ********************************

100并发


******************************** chaos PSO ********************************
time consume: 1360
[3.2211309771179613, -0.8161810157411886, -0.9045213113774198, -0.07018240550968993, -2.0189073703858633, -0.0725905134916553, 2.1382174020523372, -1.7058477618622665, 0.9260141421000038, 4.0, 2.4829300581431664, 1.6918384484703795, 0.9497840499618404, 3.749254879814274, 3.3664602605062433, 2.5274652241506725, -0.18175285387480117, 2.718712949474742, 4.0, -2.161323878064736, -1.357108629482854, 3.661160104776311, 2.5143934888138464, -3.708417102692786, 3.022020825671412, 0.9212105264673807, 2.4254986740720996, 0.4675695823065006, 3.1814803942967504, 1.253877830307489, -2.4452127099386014, 2.4680032138150567, 0.9584630622436249, 4.0, 1.9894752181846538, -0.00727023179039199, 2.8984851191954513, 4.0, 0.2875727315399961, 0.01517894246196902, 4.0, 0.7565398226272879, 0.27989244309455147, 2.776697903969936, 0.6773035109532786, 2.173594102118204, -1.8362529808840946, -1.393411917768848, 1.0771285606875927, 2.619585198332346, 1.702194803582037, 1.0876818558174226, 0.8888153746413349, 3.0864761394988296, -2.877265974516739, 2.9248020213422747, -0.03443593349405366, 2.6352543842972214, -2.622076799861606, 2.2337938045662473, 0.4663723867962831, 2.1752298149653586, 2.181452774780046, 0.39867316112541284, 1.5920806704496888, 3.4078266195958644, 3.183714782091212, 3.6686751691303225, 0.23752702116364754, 1.9794143004135953, 1.1796709335156175, -1.5983501523734263, 1.7924930341914467, 3.2698940841745388, 3.6510775418615555, 1.8902309970362345, 0.5706067963124719, 2.4932460431025, 3.507244140875482, -0.1500868724660207, -1.216023441664102, 0.515178835570581, 3.3885600263608437, 0.5029283742896502, -1.7750380896649278, -3.8378180277301737, 0.05715237470283971, 1.8321007399939442, -2.975492546357941, 2.0485255830967324, 2.323427734032736, -1.6841484686464039, 3.001474992374042, 1.275268311070915, -3.5021727427665406, 2.5367503709121553, 1.6526023542495374, -1.0455183459802266, 3.125355570937931, 3.2371900048568665, -1.4869263076441155]
总调度代价：13230.530213607635
exec cost: 55993.323800745275
balance: 2528.848367413743
maxBalance: 2550.8152662327084
******************************** END ********************************
******************************** ChPSO ********************************
time consume: 7028
[-3.0073019117231956, 0.17287967347492728, -0.27544038513740604, -1.3006401028991565, -4.0, 0.5832721990425456, 1.1924960204302657, -3.421950590268832, -1.1532200677198112, 0.46057217782435667, -4.0, -2.0866572352934933, -2.9857533059500256, -3.1875578050728794, -3.2121350492761405, -1.1930589041400366, -3.408145830181195, -2.6688635151043734, -3.753839137980362, -2.8565865384875972, -1.6191851302885394, -2.8545227722387176, -3.583402592269164, -3.2741487417339217, -1.4413435180605512, -0.7120699238815426, -0.7094134499455396, 0.6389223601531644, -1.8592862661865648, -2.0425434434187704, -1.9597325051477348, -2.4220178647108637, -1.696932047577494, 1.1416531957873186, -2.6013189708833466, -2.3069790411057403, -1.513113115314015, -3.2332847106726175, -1.9553171614024265, -0.08544543895637835, 1.0993104910837672, -4.0, -0.7374985521546971, 1.8765574519399164, -1.920158632135244, 0.16169096354364215, -0.5850710747333085, -2.7709559593833024, -1.5728405889241444, -3.2595335644459467, -3.4953290078693318, -0.4391328962758464, -4.0, -2.415210474215958, -0.09424164545445263, -1.270509164988567, 0.5659722614528907, -2.2924907946338617, -2.156491242869829, -1.7633426144651796, -3.312399532097902, -1.5303575824284974, -3.3021049695221296, 0.18756843037647036, -0.18783602245188413, -1.4750178567207706, 2.2387056921934665, -2.22416174519232, -3.1762447610032076, -0.031379394028276025, -0.14600769045435047, -2.389141402682388, -1.383372310379849, -2.88203974835579, 0.36478659500022426, -0.6192562894869953, -0.2626019267989095, -4.0, 1.0706714236912487, -1.746142059267151, -1.0398155783792522, -2.8496984232002647, -2.572617290794155, -4.0, -2.3651654333577885, -0.14886275657813663, 0.17994708024178524, -0.5656588386295329, -2.731231200272865, -0.6309327156667229, 0.6695859241493699, -2.2685259969932496, -3.4558280433449347, 0.8413237483882686, -1.3139597425963532, -4.0, -2.6968626525709194, -2.5912980168635187, -2.4549353783590133, -4.0, -3.233072784577963]
总调度代价：13205.630032010587
exec cost: 55892.05865154657
balance: 2531.118501602818
maxBalance: 2536.927252650362
******************************** END ********************************
******************************** Optimized PSO ********************************
time consume: 568
[-0.6731032415484502, -2.09572417806046, -2.377621593756179, -2.13818793207734, -1.1705239481463943, -3.286938138153965, -2.0376088822087826, -0.40906136684786, -0.4034142348913633, -2.902959931890457, -2.9197503183420688, -3.571219795766826, -0.35963730743686617, -2.806414413134322, -4.0, -0.8700097910031115, -2.5517520100695643, -0.5993643664813897, -3.264787096486271, -4.0, -1.849671542502611, -1.6998749174507852, -1.5259340302350282, -1.5336723014931357, -1.8627242519732754, -2.582607906794531, -0.8756079422093559, -2.312188564173026, -1.6775133762417007, -0.35280001579642717, -2.2426100738569126, -1.8413675266007927, -1.2231633217141251, -1.1329416227251254, -4.0, -2.648493377145035, -2.6404212300668664, -0.3586664416759471, -2.071472372268061, -3.480941392737702, -2.1526868950329656, -2.0174076220939434, -0.4247356247315555, -3.602785080735519, -0.6644666401963921, 0.9730688074585859, 0.4172443208726083, -1.891401929327289, -3.6319652947431758, 0.5707026188639855, -1.64169662926674, -1.723190019440659, -4.0, -2.888488859074121, -0.7013547509311917, -3.634650029151108, -1.800323794718843, -4.0, -3.303648320209613, -4.0, -3.2122854450791722, -4.0, -1.4454882799237498, -0.5709372156310344, -1.7135193261711816, -0.7350173180947177, -3.5329405855980043, -3.394046499773745, -4.0, -3.2971651984324626, -0.589055520639751, -1.474193820104631, -0.8784574928879136, -0.28466712369951275, -0.28939032146269233, -1.2830347101883515, -1.7259780047235824, -0.63819695922207, -2.5448858734256414, -2.6330815641616363, -1.4171698272398678, -0.6525639556881527, -2.377526923881164, -4.0, -2.436808782277953, -1.723194443436045, -1.9446084583827172, -0.7615791020475798, -0.01298166943600046, -3.0724205071806185, -2.6451958701746476, -2.8176529149731104, -1.7857116063849656, -0.9710434914979588, -0.8322223050473536, 1.2584631970282294, -2.429711917454183, -3.3051394008085815, -3.9, -0.6638379434519025, -0.8759854133405336]
总调度代价：13164.602222936346
exec cost: 55509.34968139787
balance: 2534.4905909188037
maxBalance: 2622.340125723125
******************************** END ********************************
******************************** NSGA-III ********************************
time consume: 5571
[-0.471600, -2.600930, 2.341729, 4.000000, 1.946792, -1.042755, 1.334597, -1.503338, 0.474804, -4.000000, 2.156870, -1.212498, 3.760474, 4.000000, -2.806503, -2.047027, -2.450348, -4.000000, -0.471546, 0.301329, 0.163898, -1.972805, -1.897179, 2.091985, 3.581050, -0.871111, -3.260774, 2.767856, 1.393586, -2.836255, -0.617088, -2.343140, 4.000000, -0.686615, -3.989883, 1.001025, 3.857511, -0.305018, -4.000000, 1.616989, 0.765372, 3.824393, 1.729576, -2.299074, -0.388139, -0.035238, -1.931984, 2.804406, -2.247376, 1.057187, -0.881728, -2.504069, 4.000000, -1.651054, -2.724028, -0.181616, 3.850143, -3.893392, -0.912790, 4.000000, -4.000000, 0.754348, -4.000000, 3.991371, 0.607372, 1.820239, -2.153906, 1.662371, 0.078882, 1.505071, 1.416896, 3.712834, 2.165809, 3.334949, 0.221998, -3.827511, -0.494059, 2.802497, 1.478718, 2.442152, 2.468450, -3.331473, -2.496022, -0.627747, -4.000000, -1.141879, -1.903931, -3.175836, -2.180510, 3.561618, 1.813401, -0.637678, -3.309173, -2.179774, 1.453567, -0.396115, -2.948691, -0.142275, 2.432699, 1.936219, 2.305953]
总调度代价：13437.929323
exec cost: 57498.961684428285
balance: 2625.196770881884
maxBalance: 2689.6471640794184
******************************** END ********************************