并发批次1

******************************** chaos PSO ********************************
time consume: 369
[1.2207382350361482, 0.8666374638766998, 4.0, -4.0, -2.541641202710046, 1.0399265200782037, 1.4977406446516615, 2.3254867215342934, -0.7305652134714764, -2.3185690664540455, -0.2207580466892234, 2.0868321462973745, -2.299700803864808, -1.4396284619588366, 1.6316080007609581, 4.0, -4.0, -1.3479529994429285, -4.0, 4.0, -4.0, -2.3417546523566592, -0.4716726540006988]
总调度代价：580.1838022508791
exec cost: 1145.0017555847462
balance: 436.8018161962789
maxBalance: 441.1568116385458
******************************** END ********************************
******************************** ChPSO ********************************
time consume: 1611
[-3.189617724252436, -3.608902178846268, 2.575628959893315, -3.0668037736182354, -0.2725503161346863, 3.1608154366413093, -1.1886680984964997, 2.8903609997555515, -1.5443072372146451, -0.5414380498030358, -0.24226424227301013, -1.4684509316904704, -1.0067782824146327, -3.5276254937893228, -0.8524945796084493, -3.9962895872410096, -2.8471846465015567, 0.5898457732142983, -0.8069523832274683, 3.1865694036554544, 2.072044177966559, -3.4004082379880263, -2.510822970140312]
总调度代价：602.7856743370036
exec cost: 1185.6125091191434
balance: 440.682849571491
maxBalance: 473.4750817114461
******************************** END ********************************
******************************** Optimized PSO ********************************
time consume: 163
[-3.2, -4.0, 2.6901298316596236, -1.6011488806611816, -0.8625098389789316, 2.4400295602863804, -2.6782175364292726, 3.67418137482644, -0.691116645946376, -1.3073406972620982, -0.5091316616538857, -1.5076696128414266, -0.2340676793815908, -4.0, -1.8387034948140282, -4.0, -2.07033293074565, -0.7835038837362376, -1.3958252293433242, 1.7254949024780561, 1.2904340590090597, -4.0, -2.039053649371774]
总调度代价：579.5938198669612
exec cost: 1105.4909820028274
balance: 436.17775223939435
maxBalance: 460.0613064265951
******************************** END ********************************
******************************** NSGA-III ********************************
time consume: 2055
[-3.634676, -0.085977, 3.036052, 2.577212, -3.488810, 0.788820, 1.227594, -3.854120, -2.119019, 1.219189, 2.232910, 0.814121, 0.142617, 4.000000, -3.628650, -0.524738, 1.845024, -0.728847, -0.587918, 2.890683, -1.466073, 4.000000, -3.252271]
总调度代价：666.522307
exec cost: 1113.4280155102483
balance: 447.9305792603756
maxBalance: 661.6611804227127
******************************** END ********************************

并发批次2

******************************** chaos PSO ********************************
time consume: 655
[4.0, -0.07228619517458446, 1.5449954210260803, 4.0, 2.2869008964593984, -2.7085324734447784, 1.8836498103230097, -1.741063406622653, 4.0, 4.0, -0.2369637463167884, -1.8997987351418024, 2.681879428349669, -0.2780335001209655, 2.759074504673195, 2.0137490045641786, 4.0, 2.557121610712159, 2.5154486575139465, 4.0, -2.585305024178674, -0.6831806590418619, 1.5610088237689033, 4.0, 1.997437453693403, 0.34742894818992176, -1.3271562697146038, -0.14368911745626267, 4.0, -1.8822116706916214, 4.0, 4.0, 0.6946315657092634, 0.7293875128500114, -1.3222972340158403, 0.3169767665611958, -4.0, -0.051957179451065816, 2.036951053468738, 4.0, -1.4089633298771032, -2.1983806219385142, -4.0, -2.829083364275574, -4.0, -1.9845213162908903]
总调度代价：1568.8750190320764
exec cost: 4404.552451560927
balance: 821.007059364008
maxBalance: 898.9042624357194
******************************** END ********************************
******************************** ChPSO ********************************
time consume: 3181
[-3.0188509021500023, -0.9701220103642463, 3.3618572546196814, 1.017141273234448, -3.8702441107940286, 1.906103591901136, -0.6284559815166935, 3.5015359586669286, -3.623838766999966, -1.1709040716422034, -3.331917415847408, 2.542351379180448, -2.8605533727863266, 0.5327744341058365, 2.7320622442180307, 0.4535302046548022, 1.5727824829177415, 2.598251229672627, -1.577529186118757, 0.21292279017349625, -1.9348770557916577, 2.076040039291457, -2.6551002091142992, 2.133139370818002, 0.4922080210947062, 1.1752168438991726, 1.8175518198852618, 1.8170138912235423, 1.4764751165108319, 2.135602264370685, -3.592040550418103, 3.3832811744470916, 0.9595875363001172, -1.2176955999155412, 0.995205354415063, 1.5931759671924839, -0.6045880628550506, -2.240228581647963, 2.07289624060037, -2.5258397119573424, -2.789209943197106, -3.641926926647776, 3.264105876593537, -2.523797408511828, 0.8192209147799563, 2.063540785393606]
总调度代价：1627.111540737561
exec cost: 4663.960821492266
balance: 826.1667360125892
maxBalance: 909.6317050851796
******************************** END ********************************
******************************** Optimized PSO ********************************
time consume: 268
[-4.0, 0.052957747402856414, 4.0, -0.08870651527651074, -4.0, 1.6161347015778351, 0.715123106981602, 4.0, -2.9869742554603462, 0.26219523850094717, -2.662921568580874, 2.810613238916829, -2.9963406790479707, 0.7931369749935633, 1.0827502743371342, -1.2746011493003007, 1.487404685149425, 2.9312181623342086, -1.467001142101465, -0.12888729099829388, -1.328922977153379, 1.6226961410289429, -4.0, 4.0, 2.586279282649831, 2.4487581743393116, 1.345843690616908, 1.5896461518749654, 1.8388148362710408, 2.4154552633225723, -3.2, 4.0, -1.265715007647045, -0.24584025762369444, 0.9434612958999198, 2.9890632884814137, -0.7366088930965796, -4.0, 4.0, -2.457620711064953, -4.0, -4.0, 4.0, -1.1931757749506446, 0.8982635912597171, 0.7757626049366446]
总调度代价：1568.2840227646316
exec cost: 4450.165880253792
balance: 821.9779040904691
maxBalance: 873.649212694214
******************************** END ********************************
******************************** NSGA-III ********************************
time consume: 4179
[-3.625566, 0.866539, 0.447481, -3.962326, 2.489062, 2.236159, 1.508360, 1.875844, 4.000000, -2.440078, 0.884092, 1.571261, 0.749147, 3.007579, -1.529944, -0.897118, 0.904662, 4.000000, 0.281217, -1.160799, -2.605088, 1.481576, -4.000000, 3.567589, -3.784103, 1.059920, 2.055351, 1.605568, -3.549746, 0.516002, 4.000000, -4.000000, -2.620126, 1.222838, 0.866420, -1.255340, -0.399008, -1.389039, 3.099208, -2.201677, -4.000000, 2.992774, -1.240532, -2.630789, -2.657556, -2.376998]
总调度代价：1592.3111800000001
exec cost: 4464.018768613101
balance: 826.5468444935224
maxBalance: 932.221720259784
******************************** END ********************************

并发批次3

******************************** chaos PSO ********************************
time consume: 959
[-0.7418855855869568, 4.0, 2.0342233140962653, 1.765887788370548, 4.0, 4.0, -0.4484143473126019, -2.708088941511398, -0.39719789902562597, -0.01341585907089482, 0.08103749183494346, -2.5717952192257014, -0.6513932225541668, 0.08382779503779547, 1.4117238643992993, -1.7472132689848487, -1.1060193024238256, -4.0, 1.8071219505849718, 1.964121445994498, -1.309707168036642, 4.0, -0.6405153747745322, 4.0, -1.3639110384612703, -2.0311309226883427, -4.0, 0.5996606306185581, 4.0, -2.293844366736261, -0.7614041258233764, 0.458574150295991, 1.4936858461663027, 4.0, 2.192657553139936, -0.3768977683971786, -1.0613537010069407, -1.4777586617141292, 4.0, 4.0, -4.0, -1.9513925238253946, 2.6596934617420276, 4.0, 0.5271622404124503, -0.6203686705518752, 2.3802801077342144, 4.0, 4.0, 4.0, 4.0, -2.3706512503626582, 2.2775846191235365, -0.4531443546824887, -2.7882427667140783, -2.9190462577506793, 1.8439751621911717, 4.0, 0.558063648039447, 2.6585625178606858, 2.8115671589436166, -2.156177490522194, 2.7169025861610487, -2.27622098383356, 1.9001754555982104, 4.0, 1.6872371343464942, 1.7113232137063654, 4.0]
总调度代价：3030.4502426368526
exec cost: 10071.483766981955
balance: 1212.738557059481
maxBalance: 1327.645166041673
******************************** END ********************************
******************************** ChPSO ********************************
time consume: 4728
[-1.958471537797438, 2.67158978391418, -1.6210867425947164, 2.4979990073673326, -0.15636012344290862, 3.1847875137849195, 1.1537453524003602, -3.9232635494467827, -2.7358934771414765, -0.8011148606017224, 1.0416557840929048, 3.372103834093153, -1.5734452067636218, 1.7052914591612138, 2.703538057372639, -0.4925497272031336, -2.3250562635366583, -3.3557929353728095, -2.5243053190174463, -1.5361298799896392, -0.8852602781003416, -0.9957325760648734, -1.0133498330855097, -2.2944000069156, -2.3237835517899565, -0.9945953205819107, -1.4055039694844842, -1.6819895227608779, -0.6620352258995323, 1.6472985005929672, -3.3103535635549965, 0.38723289895540347, 1.0027620052664918, 2.2193905523012507, -2.771883405344, -1.1184953523657422, -2.000630405129715, 2.6908003159152107, -3.6744104280988408, 1.664367853108839, -0.606181714236385, 1.2796910395308565, 1.3400037077092932, -0.4166465493461091, 2.5902785364879835, 1.1727990707651497, 3.050564817281473, 3.4549509617586383, 3.538040202079957, -0.06022116544369993, -0.2929342954673233, -2.7782113447814547, -0.8287773505780205, 3.460397907679977, 3.8912448326992166, -0.6062194624544022, -3.6130101848017713, -2.802359820427946, 2.0880535765612676, 0.08893984175113356, 3.315306028335052, 1.0817721353148473, 3.1687105298184237, -0.2104965344722256, 3.2688487121507075, -1.3619823583807387, 0.1811578989301541, -1.1803070908327742, 2.5223020664169855]
总调度代价：3097.407860661345
exec cost: 10403.8298348932
balance: 1213.9730235741476
maxBalance: 1327.631710632613
******************************** END ********************************
******************************** Optimized PSO ********************************
time consume: 401
[-1.2669858526321083, 2.8237333090579977, -0.5833467464581379, 1.8019199776467283, -0.7934697389832979, 1.9453362828957592, 0.4876487459019405, -4.0, -2.8513226417514144, -1.0514626234704283, 0.824162703875505, 4.0, -2.6677519578668396, 2.1510298757018234, -0.9863390827931209, 0.40144672995979747, -2.7377938297658373, -4.0, -4.0, -1.5911780693998825, -1.2775932892018451, 0.4474755482362165, -0.6130391868000411, -4.0, -2.768381240057999, -2.224014088614782, -1.2237343041451478, -0.7358810184963813, -0.7600162701571143, 0.7976459337171866, -4.0, -0.38923162212399376, 1.0079941167000934, 0.8517829316965564, -4.0, -1.2925423755957957, -1.3336631145622235, 2.054431555040119, -2.6677519578668396, 1.5572845523474177, -2.091562388971327, 1.1178946886718957, 1.2240276286229717, 1.1837049263170956, 1.4035440434492217, 4.0, 4.0, 4.0, 4.0, 1.2560681067349688, 2.3583075348004874, -2.7021116996602217, -2.8969239934560678, 4.0, 4.0, 1.420779020336786, -4.0, -4.0, 4.0, 0.4577525040321264, 4.0, 2.779510771293481, 2.6212000969388476, 4.0, 1.1752632320793823, -1.6884912223406985, 1.7857290674274957, -0.3876401063848658, 2.232493318138566]
总调度代价：2991.7115469655855
exec cost: 9914.46824087479
balance: 1210.6975134053534
maxBalance: 1311.3472335712147
******************************** END ********************************
******************************** NSGA-III ********************************
time consume: 6356
[2.892416, 0.571353, 0.461250, 0.016339, 0.026572, -1.824702, -3.689502, 0.806836, 3.571867, 2.447470, -0.632430, -2.126520, -0.053431, 3.963756, -2.118797, 2.859870, -0.754410, -2.383243, 1.882863, -2.050576, -1.288394, 3.872332, -2.115747, -3.313230, -3.339049, -3.835878, -1.893270, 1.724399, 1.894072, -0.352845, -3.995472, -4.000000, 2.920319, -2.832778, 4.000000, 3.241113, -3.336733, -3.341730, -1.862162, 2.800878, -1.954332, 1.354244, 1.623791, -1.771005, 3.301725, 3.829097, -3.988394, -2.942232, 0.065889, 1.710262, 0.682856, -1.829009, -0.617468, -4.000000, 0.949253, 3.656450, 0.998122, 3.959140, -2.963086, 2.197615, 2.008210, -1.117251, -2.367699, -1.632221, -1.136416, -1.949296, -1.679356, -0.455135, 0.752771]
总调度代价：3043.860512
exec cost: 9719.439172805816
balance: 1217.0683909434892
maxBalance: 1532.863301441355
******************************** END ********************************

并发批次4

******************************** chaos PSO ********************************
time consume: 1290
[4.0, -0.7880170695558004, 4.0, 2.8422453748296648, 4.0, -4.0, -2.593598136328707, -1.4812780264394332, 0.9398991050152816, -2.481412217069931, -0.6600354051657742, -0.33026016876815345, 1.8709212352577953, 4.0, 1.6380307282545976, 4.0, -1.8352483717667398, 1.6253935718201489, -0.08618122832514574, -2.199943004221409, 2.9797359112886177, 4.0, 4.0, -1.92816458158624, 1.5125894279558485, 1.542250155983773, 1.315240834287334, 4.0, 0.6698726080766311, 4.0, -1.1120382504717787, 1.4987352397637335, 2.4400328789361505, 4.0, 0.2110792328940514, 1.1760163172071587, 1.3545602202899678, 4.0, 2.4661316330261016, 4.0, -1.0960131578688586, 2.677360496453429, 2.55023595662874, 2.950795191941282, 4.0, 0.21851110770536986, 1.1576157784269547, -0.37148688014381737, -0.5601174698561491, 1.1032109996555468, -2.582578854331115, 1.170202850661309, 1.0700450877194876, 0.9369016716842737, 4.0, 4.0, 1.2193301754443688, 4.0, -1.9062075080072556, -0.8353534387340975, 4.0, 4.0, 2.0426763294586037, 0.45748193551943217, -2.370080574287543, 4.0, 2.2155114247298817, 1.914978415438373, 4.0, -0.8681501692585329, -0.19971414801327092, -1.9855384132056626, -4.0, 2.9137929111515204, 4.0, 1.4970837680686688, -0.5778506790181706, -0.24321410851948833, 1.0793832254035653, -0.30183512918722943, -1.2490318183788263, -0.5777192543745491, -0.7315603497725711, -0.8915951450747757, 2.599806923458254, -0.07879380262779856, -4.0, 4.0, 2.254944598428607, 2.531703934900427, 2.598143224136206, 4.0]
总调度代价：4889.407085699957
exec cost: 17594.78189238272
balance: 1600.826134692531
maxBalance: 1825.3006333659985
******************************** END ********************************
******************************** ChPSO ********************************
time consume: 6320
[0.7364038570236451, 1.8218792743093566, 0.2149699640552969, -3.8406606010373743, 1.4684306061465753, 3.4898372132350772, 0.4347706698550544, -2.0062234896215134, 3.9770378938441997, -1.5105899194444818, -1.916182766450408, -1.1228268722642296, -0.6504255922829483, 2.63743074411032, -2.693464585519089, -0.048325217481774985, -2.881753408924438, -0.00776823731878018, 0.26878006415045075, -0.12271513456126382, 2.410796703757155, -1.4108969614985476, -1.7439168743181366, 1.002514015588332, -2.5178678958129446, -3.241737352676921, 2.0740878739295177, -0.7362694709852278, -3.429791180571976, -0.17723560879273847, 1.693602691839165, -3.8282793834191358, 2.9297277444465664, -3.314149760912983, 3.4152487250556183, -2.1804454843937124, -2.382121048383045, 2.6424794225060806, -3.6295688127837415, -3.355262295320265, 2.988431691237012, -2.0287616671490056, -3.563433248832558, -3.1272731266886513, 0.36865453605153853, -2.7570282142055573, 2.903576147915813, -1.1747240047287102, -1.863378827092295, -3.179607015191685, -0.15057666995475838, -3.0496473955108465, -1.5486686676641686, -0.16791366877353653, -3.7891677952106244, -1.2757942291158342, -2.7266427983897934, 0.7103981867541993, -3.318310253716337, 0.6832043003734531, 1.1127583889380812, 2.5264329076271377, 0.7399496744920251, -0.5007847052222054, 0.09853679599055454, 0.7136561728225841, 0.8043950940596982, -1.2091132101256914, 2.333970626804825, -1.0234353329461232, 1.0439422994661332, -0.02150143908250879, -2.3544239460465803, 1.320758234354547, -3.92050980058504, 3.1875085759112105, 0.6689410322818343, -3.927647335890179, 1.4496051624417614, 1.1229086511906896, 1.7387927082964394, 1.8541867525386655, -2.840401636745013, 3.1506226052869613, -3.14159996578684, 2.2827930764468256, 1.3002294658713724, 3.0842318172183107, 0.9953640054991011, 0.27946190048785624, 1.37031238058914, 1.732178761748857]
总调度代价：5000.103775256371
exec cost: 18367.199131587084
balance: 1596.5694246709793
maxBalance: 1720.0904476764053
******************************** END ********************************
******************************** Optimized PSO ********************************
time consume: 535
[-2.309987316965449, -2.329782916746603, -0.4482729150128222, -4.0, 0.28406838952210434, -1.4737206426827516, 2.5935419890493767, 2.480951239201498, -2.0200191352413928, -1.9946242157093141, 0.403318645525208, -2.4873194053374057, -4.0, 2.4741827542020767, -2.294939919136797, 1.599158698602422, -2.487172685743256, 1.824650140751275, 1.409664227203559, -4.0, 1.1135182418970535, -0.98821715949696, 4.0, -2.624631000619706, 4.0, -2.4793756139538417, 4.0, -4.0, 0.07809741162373107, -0.7568502198083593, -4.0, -0.5453100139412967, 1.3918826994363085, 1.457568448396109, -4.0, 4.0, -0.12056177908513088, 0.6565470559178894, -4.0, -0.04274840565604743, -2.831101527233856, 4.0, -2.32874800159332, 1.3047296443923553, 4.0, -2.1573542604107363, -4.0, -2.481045073485838, -2.0665376941392424, -4.0, 2.761193080311603, 1.6183946231074045, 4.0, -0.30538092382711146, 4.0, 0.3518903662279891, 0.541519370386373, -2.737174554333535, -2.717640420266015, -0.4260836020018852, 0.5786025577780651, -0.2421555160127571, 1.2355969703991614, -4.0, -1.8591472205041055, 4.0, 1.8890268797428587, -2.6770228402851286, 4.0, 3.2, 1.8805192531389843, -0.17632096772514383, -4.0, 4.0, 1.254336785586441, 0.32864193219750915, -4.0, 4.0, 1.6941740082371382, -2.2671392558092043, -4.0, -2.427333936736388, -1.631127479751601, 0.4707006921761787, -1.4488768022437155, -4.0, 2.6501190363828986, -4.0, -1.9669319230597757, -1.478692797929959, -0.14620930180824632, 2.5516307524079043]
总调度代价：4865.456322964733
exec cost: 17587.71917465603
balance: 1597.528115056448
maxBalance: 1772.253105027368
******************************** END ********************************
******************************** NSGA-III ********************************
time consume: 5425
[-0.021486, -3.693303, -2.067713, -1.070870, -0.080344, 2.930398, -0.409732, -2.173434, 0.172959, -0.947732, 3.969440, -0.997615, 2.352590, -0.632824, -0.356401, 1.439767, -2.326967, -3.154158, -1.509623, -2.577064, -3.097691, -3.561998, -2.136257, 1.840426, 1.759060, 4.000000, 1.438475, 3.935050, 2.792991, 3.615133, -0.888274, 0.902586, 2.146297, 1.808560, -1.061435, 2.302746, -0.597344, 2.030715, -3.993011, 2.154849, -3.939725, -1.380109, 0.553908, 1.567340, -0.862124, -2.203434, 3.261880, 2.568411, 2.709138, 2.755708, 0.237212, -0.611483, -0.612108, -2.998482, -2.749566, -0.455140, 4.000000, 3.283782, 0.434121, 0.033382, -0.745121, -1.734172, 2.228168, -2.084518, 3.669421, -3.503400, -1.183530, 1.634597, 3.902860, 1.999784, 3.350602, -2.266588, -3.652388, 2.963575, 1.074743, -3.346660, 0.826297, -4.000000, -2.154644, -1.111851, 0.543030, -3.125366, -3.793936, -2.059717, -1.156369, -1.321731, 0.219271, -1.498848, -0.476173, -1.773170, -3.344286, -4.000000]
总调度代价：4937.584943
exec cost: 17795.398769178995
balance: 1616.5701495734265
maxBalance: 1829.6928236185686
******************************** END ********************************

并发批次5

******************************** chaos PSO ********************************
time consume: 1537
[-4.0, 2.842191842298627, 1.3641200258930177, -4.0, 0.5231024959508681, 1.9253684161686349, 1.4495467768508383, 4.0, 4.0, 2.6194621125219166, 4.0, 4.0, -4.0, 2.574537137990725, 1.9086149030672328, -0.5148585532065766, 4.0, 2.704061820353629, -0.7452978982563983, 2.196330835498112, 0.7561443489354727, -1.3419414722532534, -2.725179320058384, 4.0, -1.121888003912365, 2.7040653276413, -4.0, 4.0, 2.6939991568748747, 1.1991276831641986, 4.0, 1.5576476863272142, 1.8767727861109453, 1.401618284426741, 2.413591344506301, 1.8975101654719941, -0.2671885875143567, 4.0, -1.732831885842628, -2.337438545106695, 0.06360041386672122, 4.0, 4.0, 0.9311657363559598, 4.0, 2.328244565371814, 1.9970856242329245, 1.043924228487311, -0.34956736788345966, 4.0, 4.0, 4.0, 0.7338756372017861, 2.690966626942445, 1.8058923263488789, 1.720614569729051, 4.0, 2.5481434306988704, 2.6154044122985143, 4.0, -2.2039651415553805, 0.6639106003245414, -2.3691862146512825, -0.2634744921281822, -0.3944583951709264, 4.0, 4.0, 2.794935469154776, 2.838680541441785, 2.603196034146392, 4.0, -1.1789483263734946, 4.0, -1.0536346093099658, -0.7128534574682897, 1.3918277595671225, -1.4717110093658563, 2.03076541408499, -0.26825203366121264, 2.0962316415503244, 0.18555102780150734, 2.2336361191348653, 1.9858364090341547, 1.883439030832974, 0.618994846907009, 1.746592675922434, 0.3804568748137094, 2.625601149226135, 2.5778702584717053, -0.5135782676004093, -4.0, -4.0, 1.2397098424603497, 2.239580991579782, 2.3638456597421547, 1.1915373293677776, 2.3761666668190253, 2.786674447538057, -1.616752571842915, -1.2883128839175624, -0.6122808279354326, 0.0808486090866356, -0.549445053701801, 2.617554121252171, 3.2255997148674167, 4.0, -0.5894433857151462, -0.3041361122709971, -0.03159799628148807, 2.8350682716148494, -4.0, 2.898047006247535, -0.39555080331953407, 4.0, 4.0]
总调度代价：7335.620090165734
exec cost: 28451.426412820925
balance: 1986.2469673224198
maxBalance: 2127.09005168145
******************************** END ********************************
******************************** ChPSO ********************************
time consume: 7886
[-0.14226439584465655, -1.671401353427501, -0.2935166854986786, -1.4080098659314881, 1.6681088245998419, -3.1854854550774236, 1.761019580070717, 1.9960332787949708, -1.3280138392683511, 2.8124895549835465, -2.4178854400694316, -2.398886122192721, 0.30997068984938636, -2.4818376909521636, 3.6348437403254135, -3.893308960412469, 0.8997637744307205, 3.696561131219787, 1.5246913817262762, -2.6635317452744287, 1.0018139645037127, 1.2888983446575617, -1.689489005669894, -3.3053573031663017, -0.42086550970090464, 3.900521749081098, 2.919559787945966, -3.8731987445131466, -1.98880551682395, 3.097015897130645, 2.390791939072739, -0.8291255700388467, 3.430265678552895, 2.9003519826095188, 0.5217233926642466, 3.4785994798080635, 3.3420156495617066, 3.085644038841865, 3.827712311310365, 2.1405084468499664, 1.3848163666752038, 2.5759304041531363, -2.7607660023034573, 0.5644673932125075, 2.5462356607537497, -2.269429015348539, 1.8952528199149654, 2.8163253858756594, 1.3113221959861683, -3.1697361294460746, -3.2251290742911802, -0.12395179038031667, -0.07511345453134322, 3.9220447953219386, 0.1278616615938466, -0.004731523285937733, -1.8222508823157595, 1.0566359366150566, 3.0040812132053674, 3.4749754225756533, 0.9081779133085579, -3.7172425666306212, 2.0513302069259574, 3.764125555108804, -0.23586149627490283, 2.398754070406074, 0.03679348450098985, 2.133008758882835, 1.5152003395666496, 0.04180020094297188, -1.4728776140357098, 0.7495538768074841, -1.2459055740041967, 3.4778111995630345, -3.2278873452262706, -1.8513247393121732, -0.6704977549444058, -1.4425162299993337, -1.6339709273164456, -1.1282911340197588, -0.36410000675120724, -2.611946733406941, 3.774641439274209, -1.1713862345192778, -2.514903854224446, 0.5187106242555615, 3.3839802479873526, -0.7354985795268183, -2.1137574977049267, 1.8738675655354262, 2.4859097942120485, 2.919393339577865, -2.5385475859269704, -0.325619396197367, 0.1797473786139916, 1.3330283354051558, 2.2983098573953473, 2.0876457313059857, 0.9183260989164417, -0.6507757846198414, -2.577067580288995, 3.766020995516956, -3.765227512420412, -1.9663017882557865, -0.6261100592378028, -2.115058274314947, 2.975342791074816, -2.579026616705943, -3.6727371191228553, -3.4627285713220246, -3.52609169862681, -1.454146378680969, -2.5902863571758186, 1.7008197153720008, -1.1134183937614024]
总调度代价：7410.780775177381
exec cost: 28943.268958380733
balance: 1985.3038776841217
maxBalance: 2070.0135810689626
******************************** END ********************************
******************************** Optimized PSO ********************************
time consume: 640
[0.38872055125368954, -1.7217334880722008, -1.3635481911978165, -0.7412380820522912, 2.0021777190837784, -4.0, 2.05782262413854, 4.0, -0.764861837158582, 3.786329777756362, -2.859121213088038, -2.0134375011396584, -0.9617141797077358, -2.5345858456461157, 4.0, -4.0, 1.926618004638643, 4.0, 1.0916456817918214, -1.999774584184614, 0.15356596403027867, 0.8616601815239089, -2.2371147559111266, -4.0, -0.508094124870159, 4.0, 1.8903072924611188, -4.0, -1.9189107064176967, 2.257055420908158, 4.0, -2.3300472856530163, 4.0, 2.245446501521238, -0.08138293685679043, 4.0, 4.0, 2.1123272473759056, 4.0, 4.0, 0.7186274185610471, 1.726798942479903, -2.5747276734192086, 1.4263179377050108, 2.6887870088172834, -2.264664734403387, 2.6209713543093214, 2.5288723542594536, 0.9017004035691364, -2.2716391995309535, -4.0, 0.9184861084712068, -0.19378039946152859, 4.0, -0.9573354859597707, -1.3038066846382144, -1.7237610901492975, 0.4795932469055211, 2.276028054146771, 4.0, 2.071835654971804, -4.0, 2.590844667581143, 4.0, -0.006878461723621165, 1.920805600382051, -1.8063314389774514, 2.6159117064435007, 2.306555435761241, -0.6317061427565948, -1.96653510627247, 0.61145759773957, -1.9743762901063122, 4.0, -4.0, -2.5457571494009184, 0.07745389769020561, -1.2889330915043002, -1.1333772485033329, -0.18392753631551184, -0.9049465800470307, -2.4704504096854354, 4.0, -0.885538981658687, -4.0, 0.8229391975749668, 4.0, -1.6911549889373017, -4.0, 1.402519228367243, 3.7864571180183324, 2.5407831568160653, -1.8233443521965644, 2.0038198931794433, -0.9771103971720178, 1.4334082851127552, 0.8912996824973818, 1.2719691454819695, -0.2770663169534171, 0.33875227501256466, -2.2920570130414593, 4.0, -4.0, -1.1167317819906, 2.4071843637982386, 0.24241381198422762, 0.9301064886975724, -2.170653925493917, -4.0, -1.7397059442502922, -1.7795532611527696, -1.9417396206847077, -1.786667345963888, 4.0, -0.33614408562321985]
总调度代价：7237.201414310792
exec cost: 27802.41865992391
balance: 1986.0847600163006
maxBalance: 2205.7094457987205
******************************** END ********************************
******************************** NSGA-III ********************************
time consume: 7064
[1.093691, -0.164872, -2.331528, 2.725397, -2.491460, -3.383663, -0.230017, 1.161255, 0.697228, 2.334070, -3.692741, -3.583452, -0.439302, 3.450537, 3.464930, 1.088659, -3.982051, -3.036098, 1.008969, 3.264693, -3.997875, -0.915388, -0.416898, 0.409457, -0.275079, -2.705008, 0.185870, 1.869708, -3.631111, -0.479353, -2.710812, -0.101516, -0.666140, 1.864051, 1.126001, 2.485831, -0.567004, 2.525636, -3.721616, 1.685830, -2.076562, 1.026147, 0.853915, 1.170651, -1.803193, 1.378183, -2.096789, 1.670102, 2.560249, -2.111496, 0.194412, -2.833710, 2.364767, -2.895354, -2.725360, 4.000000, -0.135261, 2.841921, 0.482661, 2.276556, 1.291433, -3.684479, 2.504462, -3.298524, -1.419339, -2.155233, -1.596398, -3.998044, 1.545632, -1.288947, -3.402669, -2.168134, 3.127755, 2.476703, 1.689604, 2.548532, 0.446207, 4.000000, 4.000000, -1.214541, 1.233729, -4.000000, 2.176381, -2.168147, 0.027762, 0.714918, -3.344858, 0.497612, -0.983437, -1.453261, 3.001805, 0.843443, 1.090755, 0.977194, -2.170174, -0.029814, 3.165000, 1.930675, 0.239533, 2.810542, -0.679389, 1.578131, 3.253318, -4.000000, 3.857740, -3.838395, -0.838590, 0.835378, -2.563912, -4.000000, -0.131420, 3.402523, 2.430943, 1.512527, -2.338548]
总调度代价：7456.908297
exec cost: 28481.014924364208
balance: 1996.6310846694705
maxBalance: 2405.1321961612284
******************************** END ********************************